-9999.0 -9999.0 -9999.0 -9999.0 -9999.0 -9999.0 -9999.0 -9999.0 -9999.0 -9999.0 -9999.0 -9999.0 -9999.0 -9999.0 -9999.0 -9999.0 -9999.0 -9999.0 -9999.0 -9999.0 -9999.0 -9999.0 -9999.0 -9999.0 -9999.0 -9999.0 -9999.0 -9999.0 -9999.0 -9999.0 -9999.0 -9999.0 -9999.0 -9999.0 -9999.0 -9999.0 -9999.0 -9999.0 -9999.0 -9999.0 -9999.0 -9999.0 -9999.0 -9999.0 -9999.0 -9999.0 -9999.0 -9999.0 -9999.0 -9999.0 -9999.0 -9999.0 -9999.0 -9999.0 -9999.0
-9999.0 -9999.0 -9999.0 -9999.0 -9999.0 -9999.0 -9999.0 -9999.0 -9999.0 -9999.0 -9999.0 -9999.0 -9999.0 -9999.0 -9999.0 -9999.0 -9999.0 0.019999999552965164 0.07500000298023224 -9999.0 0.23499998450279236 0.2849999964237213 0.25999999046325684 0.1899999976158142 0.17999999225139618 -9999.0 -9999.0 -9999.0 -9999.0 -9999.0 -9999.0 -9999.0 -9999.0 -9999.0 -9999.0 -9999.0 -9999.0 -9999.0 -9999.0 -9999.0 -9999.0 -9999.0 -9999.0 -9999.0 -9999.0 -9999.0 -9999.0 -9999.0 -9999.0 -9999.0 -9999.0 -9999.0 -9999.0 -9999.0 -9999.0
-9999.0 -9999.0 -9999.0 -9999.0 -9999.0 -9999.0 -9999.0 -9999.0 -9999.0 -9999.0 -9999.0 -9999.0 -9999.0 -9999.0 -9999.0 -9999.0 -9999.0 0.029999999329447746 0.07999999821186066 0.09000000357627869 0.1899999976158142 0.24500000476837158 0.23999999463558197 0.1549999862909317 0.1550000011920929 0.1850000023841858 0.14499999582767487 -9999.0 -9999.0 -9999.0 -9999.0 -9999.0 -9999.0 -9999.0 -9999.0 -9999.0 -9999.0 -9999.0 -9999.0 -9999.0 -9999.0 -9999.0 -9999.0 -9999.0 -9999.0 -9999.0 -9999.0 -9999.0 -9999.0 -9999.0 -9999.0 -9999.0 -9999.0 -9999.0 -9999.0
-9999.0 -9999.0 -9999.0 -9999.0 -9999.0 -9999.0 -9999.0 -9999.0 -9999.0 -9999.0 -9999.0 -9999.0 -9999.0 -9999.0 -9999.0 -9999.0 -9999.0 -9999.0 0.044999998062849045 0.08999999612569809 0.12999999523162842 0.11999999731779099 0.20499999821186066 0.12999999523162842 0.16499999165534973 0.1599999964237213 0.11999998986721039 0.044999998062849045 0.019999999552965164 0.019999999552965164 0.0 -9999.0 -9999.0 -9999.0 -9999.0 -9999.0 -9999.0 -9999.0 -9999.0 -9999.0 -9999.0 -9999.0 -9999.0 -9999.0 -9999.0 -9999.0 -9999.0 -9999.0 0.0 -9999.0 -9999.0 -9999.0 -9999.0 -9999.0 -9999.0
-9999.0 -9999.0 -9999.0 -9999.0 -9999.0 -9999.0 -9999.0 -9999.0 -9999.0 -9999.0 0.0 0.0 0.0 0.0 -9999.0 -9999.0 -9999.0 -9999.0 0.06499999761581421 0.08499999344348907 0.10999999940395355 0.06499999761581421 0.08999999612569809 0.0949999988079071 0.10499998927116394 0.09999999403953552 0.0949999988079071 0.019999999552965164 0.0 0.0 0.0 0.0 0.0 0.0 -9999.0 -9999.0 -9999.0 -9999.0 -9999.0 -9999.0 0.0 -9999.0 0.0 -9999.0 -9999.0 -9999.0 0.0 0.0 -9999.0 -9999.0 -9999.0 -9999.0 -9999.0 -9999.0 -9999.0
-9999.0 -9999.0 -9999.0 -9999.0 -9999.0 -9999.0 -9999.0 -9999.0 -9999.0 0.004999999888241291 0.004999999888241291 0.004999999888241291 0.0 0.0 0.0 0.0 0.0 0.0 0.014999999664723873 0.07500000298023224 0.07499999552965164 0.029999999329447746 0.07499999552965164 0.07000000029802322 0.07000000029802322 0.009999999776482582 0.019999999552965164 0.014999999664723873 0.0 0.0 0.0 0.0 0.0 0.0 0.0 -9999.0 -9999.0 -9999.0 -9999.0 0.0 0.0 0.0 -9999.0 -9999.0 -9999.0 0.0 0.0 0.0 0.0 -9999.0 -9999.0 -9999.0 -9999.0 -9999.0 -9999.0
-9999.0 -9999.0 -9999.0 -9999.0 -9999.0 -9999.0 -9999.0 0.02499999850988388 0.019999999552965164 0.03500000014901161 0.03999999910593033 0.029999999329447746 0.0 0.0 0.0 0.0 0.0 0.0 0.009999999776482582 0.06499999761581421 0.04999999701976776 0.03999999910593033 0.009999999776482582 0.02499999850988388 0.014999999664723873 0.009999999776482582 0.02499999850988388 0.014999999664723873 0.0 0.0 0.0 0.0 0.0 0.0 0.0 -9999.0 0.0 0.0 0.0 0.0 0.0 -9999.0 -9999.0 -9999.0 0.0 0.0 0.0 0.0 0.0 -9999.0 -9999.0 -9999.0 -9999.0 -9999.0 -9999.0
-9999.0 -9999.0 -9999.0 -9999.0 -9999.0 -9999.0 0.08500000089406967 0.004999999888241291 0.0 0.029999999329447746 0.014999999664723873 0.019999999552965164 0.0 0.0 0.0 0.0 0.0 0.0 0.0 0.019999999552965164 0.029999999329447746 0.019999999552965164 0.009999999776482582 0.014999999664723873 0.009999999776482582 0.0 0.0 0.0 0.0 0.0 0.0 0.0 0.0 0.0 0.0 0.0 0.0 0.0 0.0 0.0 0.0 0.0 0.0 0.0 0.0 0.0 0.0 0.0 0.0 0.0 -9999.0 -9999.0 -9999.0 -9999.0 -9999.0
-9999.0 -9999.0 -9999.0 -9999.0 -9999.0 -9999.0 0.0 0.0 0.0 0.0 0.014999999664723873 0.019999999552965164 0.0 0.0 0.0 0.0 0.0 0.0 0.0 0.014999999664723873 0.014999999664723873 0.019999999552965164 0.019999999552965164 0.014999999664723873 0.009999999776482582 0.009999999776482582 0.0 0.0 0.0 0.0 0.0 0.0 0.0 0.0 0.0 0.0 0.0 0.0 0.0 0.0 0.0 0.0 0.0 0.0 0.0 0.0 0.0 0.0 0.0 -9999.0 -9999.0 -9999.0 -9999.0 -9999.0 -9999.0
-9999.0 -9999.0 -9999.0 -9999.0 -9999.0 0.0 0.019999999552965164 0.019999999552965164 0.0 0.0 0.014999999664723873 0.009999999776482582 0.009999999776482582 0.0 0.0 0.0 0.0 0.0 0.0 0.009999999776482582 0.02499999850988388 0.009999999776482582 0.029999997466802597 0.009999999776482582 0.009999999776482582 0.044999998062849045 0.0 0.009999999776482582 0.009999999776482582 0.0 0.0 0.0 0.0 0.0 0.0 0.0 0.0 0.0 0.0 0.0 0.0 0.0 0.0 0.0 0.0 0.0 0.0 0.0 0.0 -9999.0 -9999.0 -9999.0 -9999.0 -9999.0 -9999.0
-9999.0 -9999.0 -9999.0 -9999.0 -9999.0 0.004999999888241291 0.0 0.07499999552965164 0.0 0.0 0.004999999888241291 0.009999999776482582 0.009999999776482582 0.0 0.0 0.0 0.0 0.0 0.004999999888241291 0.0 0.014999999664723873 0.02499999850988388 0.044999998062849045 0.04999999701976776 0.05499999597668648 0.07500000298023224 0.03999999910593033 0.08499999344348907 0.014999999664723873 0.014999999664723873 0.0 0.0 0.0 0.0 0.0 0.0 0.0 0.0 0.0 0.0 0.0 0.0 0.0 0.0 0.0 0.0 0.0 0.0 0.0 -9999.0 -9999.0 -9999.0 -9999.0 -9999.0 -9999.0
-9999.0 -9999.0 -9999.0 -9999.0 -9999.0 0.004999999888241291 0.014999999664723873 0.014999999664723873 0.0 0.0 0.004999999888241291 0.004999999888241291 0.004999999888241291 0.0 0.0 0.0 0.0 0.0 0.004999999888241291 0.004999999888241291 0.009999999776482582 0.029999997466802597 0.029999999329447746 0.09999999403953552 0.1249999925494194 0.07999999821186066 0.10000000149011612 0.07000000029802322 0.0 0.0 0.0 0.0 0.0 0.0 0.0 0.0 0.0 0.0 0.0 0.0 0.0 0.0 0.0 0.0 0.0 0.0 0.0 0.0 0.0 0.0 0.0 0.0 -9999.0 -9999.0 -9999.0
-9999.0 -9999.0 -9999.0 -9999.0 -9999.0 0.004999999888241291 0.009999999776482582 0.004999999888241291 0.004999999888241291 0.0 0.0 0.0 0.0 0.0 0.0 0.0 0.0 0.0 0.0 0.019999999552965164 0.019999999552965164 0.125 0.16499999165534973 0.18000000715255737 0.15000000596046448 0.09999999403953552 0.05999999865889549 0.054999999701976776 0.0 0.0 0.0 0.0 0.0 0.0 0.0 0.0 0.0 0.0 0.0 0.0 0.0 0.0 0.0 0.0 0.0 0.0 0.0 0.0 0.0 0.0 0.0 0.0 0.0 -9999.0 -9999.0
-9999.0 -9999.0 -9999.0 -9999.0 -9999.0 0.0 0.0 0.0 0.009999999776482582 0.0 0.0 0.009999999776482582 0.0 0.0 0.0 0.0 0.0 0.0 0.004999999888241291 0.009999999776482582 0.05999999865889549 0.17499999701976776 0.26499998569488525 0.14000000059604645 0.14000000059604645 0.08500000089406967 0.054999999701976776 0.03999999910593033 0.0 0.0 0.0 0.0 0.0 0.0 0.0 0.0 0.0 0.0 0.0 0.0 0.0 0.0 0.0 0.0 0.0 0.0 0.0 0.0 0.0 0.0 0.0 0.0 0.0 0.0 -9999.0
-9999.0 -9999.0 -9999.0 -9999.0 -9999.0 0.0 0.0 0.0 0.03999999910593033 0.004999999888241291 0.0 0.0 0.0 0.0 0.0 0.0 0.0 0.0 0.004999999888241291 0.009999999776482582 0.29999998211860657 0.25 0.3100000023841858 0.1249999925494194 0.06499999761581421 0.06499999761581421 0.009999999776482582 0.009999999776482582 0.014999999664723873 0.0 0.0 0.0 0.0 0.0 0.0 0.0 0.0 0.0 0.0 0.0 0.0 0.0 0.0 0.0 0.0 0.0 0.0 0.0 0.0 0.0 0.0 0.0 0.0 0.0 -9999.0
-9999.0 -9999.0 -9999.0 -9999.0 0.0 0.0 0.0 0.0 0.0 0.0 0.0 0.0 0.0 0.0 0.0 0.0 0.03999999910593033 0.03500000014901161 0.054999999701976776 0.23499999940395355 0.23999999463558197 0.09999999403953552 0.2150000035762787 0.10499999672174454 0.03999999910593033 0.05999999865889549 0.0 0.0 0.0 0.0 0.0 0.0 0.0 0.0 0.0 0.0 0.0 0.0 0.0 0.0 0.0 0.0 0.0 0.0 0.0 0.0 0.0 0.0 0.0 0.0 0.0 0.0 0.0 -9999.0 -9999.0
-9999.0 -9999.0 -9999.0 -9999.0 -9999.0 0.0 0.0 0.0 0.0 0.0 0.014999999664723873 0.0 0.004999999888241291 0.0 0.0 0.0 0.004999999888241291 0.14000000059604645 0.2799999713897705 0.4999999701976776 0.23499999940395355 0.12999999523162842 0.11999999731779099 0.07999999821186066 0.004999999888241291 0.029999999329447746 0.029999999329447746 0.0 0.0 0.0 0.0 0.0 0.0 0.0 0.0 0.0 0.0 0.0 0.0 0.0 0.0 0.0 0.0 0.0 0.0 0.0 0.0 0.0 0.0 0.0 0.0 0.0 0.0 -9999.0 -9999.0
-9999.0 -9999.0 -9999.0 -9999.0 -9999.0 0.0 0.0 0.0 0.0 0.0 0.0 0.05999999865889549 0.004999999888241291 0.13499999046325684 0.25999999046325684 0.17499999701976776 0.13500000536441803 0.3999999761581421 0.42500001192092896 0.7200000286102295 0.6299999952316284 0.11499999463558197 0.03500000014901161 0.019999999552965164 0.0 0.0 0.0 0.0 0.0 0.0 0.0 0.0 0.0 0.0 0.0 0.0 0.0 0.0 0.0 0.0 0.0 0.0 0.0 0.0 0.0 0.0 0.0 0.0 0.0 0.0 0.0 0.0 0.0 0.0 -9999.0
-9999.0 -9999.0 -9999.0 -9999.0 -9999.0 0.0 0.0 0.0 0.0 0.0 0.02499999850988388 0.029999999329447746 0.0 0.0 0.1599999964237213 0.3799999952316284 0.28999999165534973 0.48499998450279236 0.5049999952316284 0.11999999731779099 0.1550000011920929 0.04999999701976776 0.0 0.004999999888241291 0.0 0.0 0.0 0.0 0.0 0.0 0.0 0.0 0.0 0.0 0.0 0.0 0.0 0.0 0.0 0.0 0.0 0.0 0.0 0.0 0.0 0.0 0.0 0.0 0.0 0.0 0.0 0.0 0.0 0.0 0.0
-9999.0 -9999.0 -9999.0 -9999.0 -9999.0 -9999.0 0.0 0.0 0.0 0.0 0.0 0.0 0.0 0.0 0.0 0.2849999964237213 0.2849999964237213 0.38499999046325684 0.3999999761581421 0.004999999888241291 0.0 0.004999999888241291 0.0 0.0 0.0 0.0 0.0 0.0 0.0 0.0 0.0 0.0 0.0 0.0 0.0 0.0 0.0 0.0 0.0 0.0 0.0 0.0 0.0 0.0 0.0 0.0 0.0 0.0 0.0 0.0 0.0 0.0 0.0 0.0 -9999.0
-9999.0 -9999.0 -9999.0 -9999.0 -9999.0 -9999.0 0.0 0.0 0.0 0.0 0.0 0.0 0.0 0.0 0.0 0.0 0.0 0.0 0.004999999888241291 0.004999999888241291 0.0 0.0 0.009999999776482582 0.0 0.004999999888241291 0.004999999888241291 0.07999999821186066 0.0 0.0 0.0 0.0 0.0 0.0 0.0 0.0 0.0 0.0 0.0 0.0 0.0 0.0 0.0 0.0 0.0 0.0 0.0 0.0 0.0 0.0 0.0 0.0 0.0 -9999.0 -9999.0 -9999.0
-9999.0 -9999.0 -9999.0 -9999.0 -9999.0 0.0 0.0 0.0 0.0 0.0 0.0 0.0 0.0 0.0 0.0 0.0 0.0 0.0 0.0 0.0 0.0 0.0 0.0 0.0 0.0 0.08999999612569809 0.04999999701976776 0.0 0.0 0.0 0.0 0.0 0.0 0.0 0.0 0.0 0.0 0.0 0.0 0.0 0.0 0.0 0.0 0.0 0.0 0.0 0.0 0.0 0.0 0.0 0.0 0.0 0.0 -9999.0 -9999.0
-9999.0 -9999.0 -9999.0 -9999.0 -9999.0 0.0 0.0 0.0 0.0 0.0 0.0 0.0 0.0 0.0 0.0 0.0 0.0 0.0 0.0 0.0 0.0 0.0 0.0 0.03500000014901161 0.03500000014901161 0.04999999701976776 0.0 0.0 0.0 0.0 0.0 0.0 0.0 0.0 0.0 0.0 0.0 0.0 0.0 0.0 0.0 0.0 0.0 0.0 0.0 0.0 0.0 0.0 0.0 0.0 -9999.0 -9999.0 -9999.0 -9999.0 -9999.0
-9999.0 -9999.0 -9999.0 -9999.0 -9999.0 -9999.0 0.0 0.0 0.0 0.0 0.0 0.0 0.0 0.0 0.0 0.0 0.0 0.0 0.0 0.0 0.0 0.0 0.0 0.03500000014901161 0.0 0.0 0.0 0.0 0.0 0.0 0.0 0.0 0.0 0.0 0.0 0.0 0.0 0.009999999776482582 0.004999999888241291 0.0 0.0 0.0 0.0 0.0 0.0 0.0 0.0 0.0 0.0 0.0 -9999.0 -9999.0 -9999.0 -9999.0 -9999.0
-9999.0 -9999.0 -9999.0 -9999.0 -9999.0 -9999.0 0.0 0.0 0.0 0.0 0.0 0.0 0.0 0.0 0.0 0.0 0.0 0.0 0.0 0.0 0.0 0.0 0.0 0.0 0.0 0.0 0.0 0.0 0.0 0.0 0.0 0.0 0.0 0.0 0.0 0.0 0.0 0.0 0.0 0.0 0.0 0.0 0.0 0.0 0.0 0.0 0.0 0.0 0.0 -9999.0 -9999.0 -9999.0 -9999.0 -9999.0 -9999.0
-9999.0 -9999.0 -9999.0 -9999.0 -9999.0 -9999.0 -9999.0 0.0 0.0 0.0 0.0 0.0 0.0 0.0 0.0 0.0 0.0 0.0 0.0 0.0 0.0 0.0 0.0 0.0 0.0 0.0 0.0 0.0 0.0 0.0 0.0 0.0 0.0 0.0 0.0 0.0 0.0 0.0 0.0 0.0 0.0 0.0 0.0 0.0 0.0 0.0 0.0 0.0 -9999.0 -9999.0 -9999.0 -9999.0 -9999.0 -9999.0 -9999.0
-9999.0 -9999.0 -9999.0 -9999.0 -9999.0 -9999.0 0.0 0.0 0.0 0.0 0.0 0.0 0.0 0.0 0.0 0.0 0.0 0.0 0.0 0.0 0.0 0.0 0.0 0.0 0.0 0.0 0.0 0.0 0.0 0.0 0.0 0.0 0.0 0.0 0.0 0.0 0.0 0.0 0.0 0.0 0.0 0.0 0.0 0.0 0.0 0.0 0.0 0.0 -9999.0 -9999.0 -9999.0 -9999.0 -9999.0 -9999.0 -9999.0
-9999.0 -9999.0 -9999.0 -9999.0 0.0 0.0 0.0 0.0 0.0 0.0 0.004999999888241291 0.0 0.0 0.0 0.0 0.0 0.0 0.0 0.0 0.0 0.0 0.0 0.0 0.0 0.0 0.0 0.0 0.0 0.0 0.0 0.0 0.0 0.0 0.0 0.0 0.0 0.0 0.0 0.0 0.0 0.0 0.0 0.0 0.0 0.0 0.0 0.0 0.0 -9999.0 -9999.0 -9999.0 -9999.0 -9999.0 -9999.0 -9999.0
-9999.0 -9999.0 -9999.0 0.0 0.0 0.0 0.0 0.0 0.0 0.0 0.004999999888241291 0.004999999888241291 0.0 0.0 0.0 0.0 0.0 0.0 0.0 0.0 0.0 0.0 0.0 0.0 0.0 0.0 0.0 0.0 0.0 0.0 0.0 0.0 0.0 0.0 0.0 0.0 0.0 0.0 0.0 0.0 0.0 0.0 0.0 0.0 0.0 0.0 0.0 0.0 0.0 0.0 0.0 -9999.0 -9999.0 -9999.0 -9999.0
-9999.0 -9999.0 0.0 0.0 0.0 0.0 0.0 0.0 0.0 0.0 0.0 0.009999999776482582 0.0 0.0 0.0 0.0 0.0 0.0 0.0 0.0 0.0 0.0 0.0 0.0 0.0 0.0 0.0 0.0 0.0 0.0 0.0 0.0 0.0 0.0 0.0 0.0 0.0 0.0 0.0 0.0 0.0 0.0 0.0 0.0 0.0 0.0 0.0 0.0 0.0 0.0 0.0 -9999.0 -9999.0 -9999.0 -9999.0
-9999.0 0.0 0.0 0.0 0.11999999731779099 0.0 0.0 0.0 0.0 0.0 0.0 0.0 0.0 0.0 0.0 0.0 0.0 0.0 0.0 0.0 0.0 0.0 0.0 0.0 0.0 0.0 0.0 0.0 0.0 0.0 0.0 0.0 0.0 0.0 0.0 0.0 0.0 0.0 0.0 0.0 0.0 0.0 0.0 0.0 0.0 0.0 0.0 0.0 0.0 0.0 -9999.0 -9999.0 -9999.0 -9999.0 -9999.0
-9999.0 0.0 -9999.0 -9999.0 -9999.0 -9999.0 -9999.0 0.0 0.0 0.0 0.0 0.0 0.0 0.0 0.0 0.0 0.0 0.0 0.0 0.0 0.0 0.0 0.0 0.0 0.0 0.0 0.0 0.0 0.0 0.0 0.0 0.0 0.0 0.0 0.0 0.0 0.0 0.0 0.0 0.0 0.0 0.0 0.0 0.0 0.0 0.0 0.0 0.0 0.0 0.0 0.0 -9999.0 -9999.0 -9999.0 -9999.0
-9999.0 -9999.0 -9999.0 -9999.0 -9999.0 -9999.0 -9999.0 -9999.0 0.0 0.0 0.0 0.0 0.0 0.0 0.0 0.0 0.0 0.0 0.0 0.0 0.0 0.0 0.0 0.0 0.0 0.0 0.0 0.0 0.0 0.0 0.0 0.0 0.0 0.0 0.0 0.0 0.0 0.0 0.0 0.0 0.0 0.0 0.0 0.0 0.0 0.0 0.0 0.0 0.0 0.0 0.0 -9999.0 -9999.0 -9999.0 -9999.0
-9999.0 -9999.0 -9999.0 -9999.0 -9999.0 -9999.0 -9999.0 0.0 0.0 0.0 0.0 0.0 0.0 0.0 0.0 0.0 0.0 0.0 0.0 0.0 0.0 0.0 0.0 0.0 0.0 0.0 0.0 0.0 0.0 0.0 0.0 0.0 0.0 0.0 0.0 0.0 0.0 0.0 0.0 0.0 0.0 0.0 0.0 0.0 0.0 0.0 0.0 0.0 0.0 0.0 0.0 -9999.0 -9999.0 -9999.0 -9999.0
-9999.0 -9999.0 -9999.0 -9999.0 -9999.0 -9999.0 0.0 0.0 0.0 0.0 0.0 0.0 0.0 0.0 0.0 0.0 0.0 0.0 0.0 0.0 0.0 0.0 0.0 0.0 0.0 0.0 0.0 0.0 0.0 0.0 0.0 0.0 0.0 0.0 0.0 0.0 0.0 0.0 0.0 0.0 0.0 0.0 0.0 0.0 0.0 0.0 0.0 0.0 0.0 0.0 0.0 -9999.0 -9999.0 -9999.0 -9999.0
-9999.0 -9999.0 -9999.0 -9999.0 -9999.0 -9999.0 0.0 0.0 0.0 0.0 0.0 0.0 0.0 0.0 0.0 0.0 0.0 0.0 0.0 0.0 0.0 0.0 0.0 0.0 0.0 0.0 0.0 0.0 0.0 0.0 0.0 0.0 0.0 0.0 0.0 0.0 0.0 0.0 0.0 0.0 0.0 0.0 0.0 0.0 0.0 0.0 0.0 0.0 0.019999999552965164 0.014999999664723873 0.0 -9999.0 -9999.0 -9999.0 -9999.0
-9999.0 -9999.0 -9999.0 -9999.0 -9999.0 -9999.0 0.0 0.0 0.0 0.0 0.0 0.0 0.0 0.0 0.0 0.0 0.0 0.0 0.0 0.0 0.0 0.0 0.0 0.0 0.0 0.0 0.0 0.0 0.0 0.0 0.0 0.0 0.0 0.0 0.0 0.0 0.0 0.0 0.0 0.0 0.0 0.0 0.0 0.0 0.0 0.0 0.0 0.0 0.04999999701976776 0.0 0.0 0.0 0.0 -9999.0 -9999.0
-9999.0 -9999.0 -9999.0 -9999.0 -9999.0 -9999.0 0.0 0.0 0.0 0.0 0.0 0.0 0.0 0.0 0.0 0.0 0.0 0.0 0.0 0.0 0.0 0.0 0.0 0.0 0.0 0.0 0.0 0.0 0.0 0.0 0.0 0.0 0.0 0.0 0.0 0.0 0.0 0.0 0.0 0.0 0.0 0.0 0.0 0.0 0.0 0.0 0.02499999850988388 0.04999999701976776 0.0 0.0 0.0 0.0 0.0 -9999.0 -9999.0
-9999.0 -9999.0 -9999.0 -9999.0 -9999.0 0.0 0.0 0.0 0.0 0.0 0.0 0.0 0.0 0.0 0.0 0.0 0.0 0.0 0.0 0.0 0.0 0.0 0.0 0.0 0.0 0.0 0.0 0.0 0.0 0.0 0.0 0.0 0.0 0.0 0.0 0.0 0.0 0.0 0.0 0.0 0.0 0.0 0.0 0.0 0.0 0.004999999888241291 0.014999999664723873 0.05499999597668648 0.0 0.0 0.0 0.0 0.0 -9999.0 -9999.0
-9999.0 -9999.0 -9999.0 -9999.0 -9999.0 -9999.0 -9999.0 0.0 0.0 0.0 0.0 0.0 0.0 0.0 0.0 0.0 0.0 0.0 -9999.0 -9999.0 -9999.0 -9999.0 -9999.0 -9999.0 -9999.0 0.0 0.0 0.0 0.0 0.0 0.0 0.0 0.0 0.0 0.0 0.0 0.0 0.0 0.0 0.0 0.0 0.0 0.0 0.0 0.0 0.014999999664723873 0.04999999701976776 0.03999999910593033 0.0 0.0 0.0 0.0 -9999.0 -9999.0 -9999.0
-9999.0 -9999.0 -9999.0 -9999.0 -9999.0 -9999.0 -9999.0 0.0 0.0 0.0 0.0 -9999.0 -9999.0 0.0 0.0 0.0 -9999.0 -9999.0 -9999.0 -9999.0 -9999.0 -9999.0 -9999.0 -9999.0 -9999.0 0.0 0.0 0.0 0.0 0.0 0.004999999888241291 0.004999999888241291 0.004999999888241291 0.004999999888241291 0.0 0.0 0.004999999888241291 0.0 0.0 0.0 0.0 0.0 0.0 0.004999999888241291 0.029999997466802597 0.014999999664723873 0.059999994933605194 0.07000000029802322 0.0 0.0 0.014999999664723873 0.0 0.0 0.0 -9999.0
-9999.0 -9999.0 -9999.0 -9999.0 -9999.0 -9999.0 -9999.0 0.0 -9999.0 0.0 0.0 -9999.0 -9999.0 0.0 0.0 0.0 -9999.0 -9999.0 -9999.0 -9999.0 -9999.0 -9999.0 -9999.0 -9999.0 -9999.0 0.0 0.0 0.0 0.0 0.0 0.004999999888241291 0.004999999888241291 0.004999999888241291 0.004999999888241291 0.0 0.0 0.0 0.0 0.0 0.0 0.0 0.019999999552965164 0.03500000014901161 0.004999999888241291 0.05499999597668648 0.11500000208616257 0.004999999888241291 0.019999999552965164 0.004999999888241291 0.004999999888241291 0.0 0.0 0.0 -9999.0 -9999.0
-9999.0 -9999.0 -9999.0 -9999.0 -9999.0 -9999.0 -9999.0 -9999.0 -9999.0 0.0 -9999.0 -9999.0 -9999.0 -9999.0 -9999.0 -9999.0 -9999.0 -9999.0 -9999.0 -9999.0 -9999.0 -9999.0 -9999.0 -9999.0 0.0 0.0 0.0 0.0 0.0 0.0 0.004999999888241291 0.004999999888241291 0.014999999664723873 0.004999999888241291 0.0 0.0 0.0 0.009999999776482582 0.0 0.0 0.0 0.044999998062849045 0.03500000014901161 0.10999999940395355 0.2149999886751175 0.019999999552965164 0.0 0.004999999888241291 0.004999999888241291 0.02499999850988388 0.07500000298023224 0.05999999865889549 -9999.0 -9999.0 -9999.0
-9999.0 -9999.0 -9999.0 -9999.0 -9999.0 -9999.0 -9999.0 -9999.0 -9999.0 -9999.0 -9999.0 -9999.0 -9999.0 -9999.0 -9999.0 -9999.0 -9999.0 -9999.0 -9999.0 -9999.0 -9999.0 -9999.0 -9999.0 -9999.0 -9999.0 -9999.0 -9999.0 0.009999999776482582 0.0 0.0 0.004999999888241291 0.004999999888241291 0.009999999776482582 0.009999999776482582 0.004999999888241291 0.004999999888241291 0.004999999888241291 0.0 0.0 0.0 0.0 0.029999999329447746 0.04999999701976776 0.14499999582767487 0.28999999165534973 0.03500000014901161 0.0 0.0 0.034999996423721313 0.0 0.0 0.0 -9999.0 -9999.0 -9999.0
-9999.0 -9999.0 -9999.0 -9999.0 -9999.0 -9999.0 -9999.0 -9999.0 -9999.0 -9999.0 -9999.0 -9999.0 -9999.0 -9999.0 -9999.0 -9999.0 -9999.0 -9999.0 -9999.0 -9999.0 -9999.0 -9999.0 -9999.0 -9999.0 -9999.0 -9999.0 0.009999999776482582 0.014999999664723873 0.014999999664723873 0.0 0.009999999776482582 0.004999999888241291 0.009999999776482582 0.004999999888241291 0.004999999888241291 0.009999999776482582 0.004999999888241291 0.0 0.0 0.0 0.0 0.0 0.0 0.20999999344348907 0.07000000029802322 0.004999999888241291 0.0 0.0 0.004999999888241291 0.004999999888241291 0.009999999776482582 -9999.0 -9999.0 -9999.0 -9999.0
-9999.0 -9999.0 -9999.0 -9999.0 -9999.0 -9999.0 -9999.0 -9999.0 -9999.0 -9999.0 -9999.0 -9999.0 -9999.0 -9999.0 -9999.0 -9999.0 -9999.0 -9999.0 -9999.0 -9999.0 -9999.0 -9999.0 -9999.0 -9999.0 -9999.0 0.009999999776482582 0.014999999664723873 0.014999999664723873 0.02499999850988388 0.02499999850988388 0.014999999664723873 0.014999999664723873 0.004999999888241291 0.004999999888241291 0.004999999888241291 0.009999999776482582 0.0 0.0 0.0 0.0 0.0 0.0 0.034999996423721313 0.22499999403953552 0.09999999403953552 0.0 0.0 0.004999999888241291 0.03999999910593033 0.044999998062849045 0.0 0.0 -9999.0 -9999.0 -9999.0
-9999.0 -9999.0 -9999.0 -9999.0 -9999.0 -9999.0 -9999.0 -9999.0 -9999.0 -9999.0 -9999.0 -9999.0 -9999.0 -9999.0 -9999.0 -9999.0 -9999.0 -9999.0 -9999.0 -9999.0 -9999.0 -9999.0 -9999.0 -9999.0 -9999.0 0.02499999850988388 0.029999999329447746 0.04999999701976776 0.05499999597668648 0.02499999850988388 0.03999999910593033 0.014999999664723873 0.009999999776482582 0.009999999776482582 0.009999999776482582 0.004999999888241291 0.004999999888241291 0.0 0.009999999776482582 0.0 0.0 0.0 0.044999998062849045 0.19999998807907104 0.10000000149011612 0.0 0.0 0.0 0.0 0.0 0.0 0.0 -9999.0 -9999.0 -9999.0
-9999.0 -9999.0 -9999.0 -9999.0 -9999.0 -9999.0 -9999.0 -9999.0 -9999.0 -9999.0 -9999.0 -9999.0 -9999.0 -9999.0 -9999.0 -9999.0 -9999.0 -9999.0 -9999.0 -9999.0 -9999.0 -9999.0 -9999.0 -9999.0 -9999.0 0.03500000014901161 0.02499999850988388 0.07000000029802322 0.06999999284744263 0.059999994933605194 0.03500000014901161 0.019999999552965164 0.009999999776482582 0.014999999664723873 0.014999999664723873 0.009999999776482582 0.004999999888241291 0.0 0.014999999664723873 0.0 0.0 0.0 0.019999999552965164 -9999.0 -9999.0 0.0 0.0 0.0 0.0 0.0 0.0 0.0 -9999.0 -9999.0 -9999.0
-9999.0 -9999.0 -9999.0 -9999.0 -9999.0 -9999.0 -9999.0 -9999.0 -9999.0 -9999.0 -9999.0 -9999.0 -9999.0 -9999.0 -9999.0 -9999.0 -9999.0 -9999.0 -9999.0 -9999.0 -9999.0 -9999.0 -9999.0 -9999.0 0.02499999850988388 0.02499999850988388 0.02499999850988388 0.044999998062849045 0.04999999701976776 0.04999999701976776 0.02499999850988388 0.029999999329447746 0.004999999888241291 0.014999999664723873 0.02499999850988388 0.014999999664723873 0.014999999664723873 0.014999999664723873 0.009999999776482582 0.0 0.004999999888241291 0.0 -9999.0 -9999.0 -9999.0 -9999.0 -9999.0 -9999.0 0.0 -9999.0 0.0 -9999.0 -9999.0 -9999.0 -9999.0
-9999.0 -9999.0 -9999.0 -9999.0 -9999.0 -9999.0 -9999.0 -9999.0 -9999.0 -9999.0 -9999.0 -9999.0 -9999.0 -9999.0 -9999.0 -9999.0 -9999.0 -9999.0 -9999.0 -9999.0 -9999.0 -9999.0 -9999.0 0.014999999664723873 0.004999999888241291 0.019999999552965164 0.009999999776482582 0.05000000074505806 0.044999998062849045 0.03999999910593033 0.019999999552965164 0.02499999850988388 0.02499999850988388 0.014999999664723873 0.029999997466802597 0.014999999664723873 0.019999999552965164 0.014999999664723873 0.009999999776482582 0.009999999776482582 0.014999999664723873 0.009999999776482582 0.0 -9999.0 -9999.0 -9999.0 -9999.0 -9999.0 -9999.0 -9999.0 -9999.0 -9999.0 -9999.0 -9999.0 -9999.0
-9999.0 -9999.0 -9999.0 -9999.0 -9999.0 -9999.0 -9999.0 -9999.0 -9999.0 -9999.0 -9999.0 -9999.0 -9999.0 -9999.0 -9999.0 -9999.0 -9999.0 -9999.0 -9999.0 -9999.0 -9999.0 -9999.0 0.004999999888241291 0.014999999664723873 0.03999999910593033 0.019999999552965164 0.019999999552965164 0.019999999552965164 0.029999999329447746 0.029999999329447746 0.009999999776482582 0.02499999850988388 0.019999999552965164 0.009999999776482582 -9999.0 -9999.0 0.019999999552965164 0.029999997466802597 0.009999999776482582 0.004999999888241291 0.004999999888241291 0.004999999888241291 -9999.0 -9999.0 -9999.0 -9999.0 -9999.0 -9999.0 -9999.0 -9999.0 -9999.0 -9999.0 -9999.0 -9999.0 -9999.0
-9999.0 -9999.0 -9999.0 -9999.0 -9999.0 -9999.0 -9999.0 -9999.0 -9999.0 -9999.0 -9999.0 -9999.0 -9999.0 -9999.0 -9999.0 -9999.0 -9999.0 -9999.0 -9999.0 -9999.0 -9999.0 -9999.0 0.02499999850988388 0.10999999940395355 -9999.0 -9999.0 0.019999999552965164 0.029999999329447746 0.02499999850988388 0.014999999664723873 0.019999999552965164 0.004999999888241291 0.019999999552965164 0.014999999664723873 -9999.0 -9999.0 -9999.0 -9999.0 -9999.0 0.0 0.0 0.004999999888241291 -9999.0 -9999.0 -9999.0 -9999.0 -9999.0 -9999.0 -9999.0 -9999.0 -9999.0 -9999.0 -9999.0 -9999.0 -9999.0
-9999.0 -9999.0 -9999.0 -9999.0 -9999.0 -9999.0 -9999.0 -9999.0 -9999.0 -9999.0 -9999.0 -9999.0 -9999.0 -9999.0 -9999.0 -9999.0 -9999.0 -9999.0 -9999.0 -9999.0 -9999.0 -9999.0 0.014999999664723873 -9999.0 -9999.0 -9999.0 -9999.0 0.009999999776482582 0.009999999776482582 0.0 0.0 0.0 0.014999999664723873 0.004999999888241291 -9999.0 -9999.0 -9999.0 -9999.0 -9999.0 -9999.0 0.0 0.0 -9999.0 -9999.0 -9999.0 -9999.0 -9999.0 -9999.0 -9999.0 -9999.0 -9999.0 -9999.0 -9999.0 -9999.0 -9999.0
-9999.0 -9999.0 -9999.0 -9999.0 -9999.0 -9999.0 -9999.0 -9999.0 -9999.0 -9999.0 -9999.0 -9999.0 -9999.0 -9999.0 -9999.0 -9999.0 -9999.0 -9999.0 -9999.0 -9999.0 -9999.0 -9999.0 -9999.0 -9999.0 -9999.0 -9999.0 -9999.0 0.0 0.0 0.0 0.0 0.004999999888241291 0.004999999888241291 0.009999999776482582 -9999.0 -9999.0 -9999.0 -9999.0 -9999.0 -9999.0 -9999.0 -9999.0 -9999.0 -9999.0 -9999.0 -9999.0 -9999.0 -9999.0 -9999.0 -9999.0 -9999.0 -9999.0 -9999.0 -9999.0 -9999.0
-9999.0 -9999.0 -9999.0 -9999.0 -9999.0 -9999.0 -9999.0 -9999.0 -9999.0 -9999.0 -9999.0 -9999.0 -9999.0 -9999.0 -9999.0 -9999.0 -9999.0 -9999.0 -9999.0 -9999.0 -9999.0 -9999.0 -9999.0 -9999.0 -9999.0 -9999.0 -9999.0 0.0 0.0 -9999.0 -9999.0 -9999.0 0.004999999888241291 -9999.0 -9999.0 -9999.0 -9999.0 -9999.0 -9999.0 -9999.0 -9999.0 -9999.0 -9999.0 -9999.0 -9999.0 -9999.0 -9999.0 -9999.0 -9999.0 -9999.0 -9999.0 -9999.0 -9999.0 -9999.0 -9999.0
-9999.0 -9999.0 -9999.0 -9999.0 -9999.0 -9999.0 -9999.0 -9999.0 -9999.0 -9999.0 -9999.0 -9999.0 -9999.0 -9999.0 -9999.0 -9999.0 -9999.0 -9999.0 -9999.0 -9999.0 -9999.0 -9999.0 -9999.0 -9999.0 -9999.0 -9999.0 -9999.0 0.0 0.0 -9999.0 -9999.0 -9999.0 -9999.0 -9999.0 -9999.0 -9999.0 -9999.0 -9999.0 -9999.0 -9999.0 -9999.0 -9999.0 -9999.0 -9999.0 -9999.0 -9999.0 -9999.0 -9999.0 -9999.0 -9999.0 -9999.0 -9999.0 -9999.0 -9999.0 -9999.0
